 	Area1	Mean1	Min1	Max1	Start Time(sec)	Mid time (sec)	End Time(sec)
1	8	0.000	0.000	0.000	2.500	5.000	7.500
2	8	0.000	0.000	0.000	7.500	10.000	12.500
3	8	1879526.250	588216.500	3188089.750	11.500	14.000	16.500
4	8	729916.000	289348.594	1272221.500	17.500	20.000	22.500
5	8	93817.656	28954.689	214383.703	22.500	25.000	27.500
6	8	42142.957	15369.784	98267.461	26.500	29.000	31.500
7	8	12010.742	5354.634	18443.740	35.000	40.000	45.000
8	1094	1095.110	0.000	9321.030	1349.605	1499.605	1649.605
9	1094	1161.639	0.000	9122.711	1648.605	1798.605	1948.605
10	1094	1153.391	0.000	9221.870	1949.605	2099.605	2249.605
11	1094	1137.710	0.000	11601.708	2249.605	2399.605	2549.605
12	1094	980.722	0.000	9717.670	2549.605	2699.605	2849.605
13	1094	1085.502	0.000	13584.906	2849.605	2999.605	3149.605
